12

5 5 6 6 7 7 11 11 12 12 13 13 

22.51384456763767
48.63140252907186
35.74968768317246
79.75897019029306
49.89200148636175
113.0246107542584
56.88925406781841
129.4819016474716
67.87414904228947
157.7896273207001
80.12553854166067
187.3805640159902

2.351783979050818

0.07492194427428318
-0.03200244034473422
0.01250623081516402
-0.005259523154678546
-0.07214732796985543
0.03048087279960938
-0.01624356336396708
0.006685373336032118
-0.0001037832754125706
-0.0001526350437541417
-0.0006642831796612974
1.282995959207017e-05
