14

5 5 6 6 7 7 12 12 13 13 14 14 15 15 

22.43165547838706
45.84622849038043
35.66088142643122
 78.4388908402709
49.88399377730759
113.4753991903548
67.64344938637385
158.2817761480937
80.04687740891475
187.5631180633479
91.40110745242214
218.3888189262241
107.5163614339995
259.1409225299086

0.4060835422123015

-0.01483106361082488
0.006016913875322574
0.0002705955023523728
-0.0001187442728122911
0.01462116092519524
-0.005908203770025077
-0.0001147955254387971
-3.289089202225989e-06
-0.0001118291112396067
9.852284589632917e-05
5.022877097545616e-05
-6.725899617519355e-05
-0.0008689941046621072
-4.701418147098365e-05
