12

5 5 6 6 7 7 11 11 13 13 14 14 

22.68465088415543
46.44487360761104
35.56203405221075
73.33053600894799
 50.5004901712028
104.5189419661952
 64.5029397303765
133.4010055544504
88.44445041337713
184.2306132969283
 104.993608554008
 219.199694105614

0.4798032805870833

-0.01774411262245812
0.008498456492961199
0.001634730839673389
-0.0008054545564465887
0.01579134812157471
-0.007562705567129139
2.813567028493712e-05
-3.272821705642932e-05
0.0001561455033488511
0.0001425145682771788
7.435462174431514e-05
3.320068035675178e-05
