12

5 5 11 11 12 12 13 13 14 14 15 15 

22.68737801236694
79.49097543824988
37.35377074653849
130.9719459007677
44.36138668514606
155.5637194196445
53.06003748055573
186.0915327789247
63.51341423000949
222.3116472294451
73.63961953739853
259.2824127526099

3.513338085344729

0.1223157509714411
-0.03479819407900028
0.002607828174736529
-0.0008700658350802918
-0.03118606400034903
0.008810263979069193
-0.09197758989970466
0.02578013996477039
0.0007899566553012795
-0.0002934184168119677
-0.002367534475105508
0.0003208939618162368
