12

5 5 6 6 12 12 13 13 14 14 15 15 

22.79499870465007
70.98107009792925
34.82163060049801
113.2530696229165
47.54444918524919
157.9841864923512
55.84362904890803
187.1506067437909
67.30549099466248
222.3065515048262
 74.6333756171794
 259.184611634438

3.515527524448912

0.1706882420711047
-0.04868365635735929
-0.09755035051275504
0.02695297172143696
-0.01880055062521185
0.004578427600645469
-0.05707794435888561
0.01611309807450154
-0.0004286049629649047
-0.0005227335803463213
0.01274611598234384
0.00114287363644075
