12

5 5 6 6 7 7 11 11 12 12 13 13 

22.68420244179321
46.06621713400259
35.56280093650988
72.39053713654285
50.50325554484302
102.9295359288018
65.44098881889261
133.3424628626632
75.97550581940428
 155.536616004124
 90.2509181472643
184.6762882876851

0.4905131848383731

-0.01800136309548109
0.008801067038645407
0.001612432600243828
-0.0008301785679704864
0.01571440959585544
-0.007691972781449692
0.0001620088831975233
-2.706463379433133e-05
0.0001489290246415405
4.391339973200983e-05
0.0001297755365961602
0.000333100975125332
