12

5 5 6 6 7 7 8 8 11 11 13 13 

22.79581583581639
37.00670255582298
35.52686788049262
58.97770054612007
50.55264779640585
84.90835787993943
67.54578033403612
113.8871065686636
76.30331379530783
130.5081042958338
107.1264539850653
183.4047574129966

1.725543162950879

0.06359867357457537
-0.03686982333970035
-0.0033299117354243
0.001969620706501252
-0.05991534265919238
0.03471236012447085
-0.0005206904892506508
0.0001530453658468277
1.029283887524083e-05
-3.360771960878332e-05
-8.863387577759247e-06
6.51087211864282e-05
