12

5 5 6 6 7 7 8 8 11 11 12 12 

22.68759108748554
34.00995109987622
35.56137374353611
53.44008235498012
50.51839574135536
 76.0154396380219
68.40327690645303
103.0764564468189
87.22825559558693
131.1457406172505
103.3650265146192
155.9935818729369

0.6645732974951377

-0.0232925741516143
0.01543054996552233
0.001168005632720662
-0.000764912010228559
0.02126086118342331
-0.01407466955656628
0.0003009410520885465
-0.0001520668989845925
0.0005952541676669792
-7.529029195383697e-05
0.0001373911891258049
-0.000280928145742516
