12

5 5 6 6 7 7 11 11 14 14 15 15 

22.42978394020987
45.84065851191043
35.66024899669922
78.43590644098101
49.88382726663988
113.4736144527312
56.34182456799947
129.3808430333291
91.40116344167187
218.3884713121639
107.5165817651409
259.1383808751259

0.4060856580837102

-0.01390328950788518
0.005650252399206684
-0.0001753456753119139
5.491862612658406e-05
0.01123124101072624
-0.004576951780975053
0.00282950767781128
-0.001123974115852557
2.876260932051592e-05
-2.339519189085711e-05
-0.0001398519940003896
-2.581318116908082e-05
