12

5 5 6 6 7 7 11 11 14 14 15 15 

22.42978394020987
45.84065851191043
35.66024899669922
78.43590644098101
49.88382726663988
113.4736144527312
56.34182456799947
129.3808430333291
91.40116344167187
218.3884713121639
107.5165817651409
259.1383808751259

2.463023699728274

0.0858959830748577
-0.03492125578392076
-0.0002508005458819812
0.0001980868534270149
-0.06907243162875455
0.02808743684347818
-0.0170614624110969
0.006806365599673206
-0.0002421376044227423
0.0001891722972574166
0.00398503939572882
-1.736209417241816e-06
