12

5 5 6 6 11 11 12 12 13 13 14 14 

22.68449796362169
54.88170563508317
35.55469154842758
86.17479080003001
 54.1540734170709
131.2504440298277
65.20077695166522
 158.161190257804
 75.9666365011694
184.8485542485211
90.18657380209468
219.6268941799604

2.431339878112967

0.08335590861020122
-0.03425288362479153
-0.01295638908178607
0.00526705955485202
-0.06975570312380039
0.02817548845813836
0.000333539407197078
-0.0003091132018174214
-0.001230563094809527
0.001223627445672118
-0.0009765013368547258
0.001901232769375074
