14

5 5 6 6 7 7 12 12 13 13 14 14 15 15 

22.43165547838706
45.84622849038043
35.66088142643122
 78.4388908402709
49.88399377730759
113.4753991903548
67.64344938637385
158.2817761480937
80.04687740891475
187.5631180633479
91.40110745242214
218.3888189262241
107.5163614339995
259.1409225299086

2.463037003133797

0.09117979486353749
-0.03699819564588552
-0.002510078473892867
0.00106442001985123
-0.08961314474272793
0.03613627479417958
0.0003966128483002916
6.634003022314151e-05
0.0004991847225034109
-0.0006081824970470707
-0.0003482808869784206
0.0004417028063979152
0.008035651506004984
0.000130933366290197
