12

5 5 6 6 7 7 8 8 11 11 12 12 

22.73124387015047
37.60810452967429
35.53294265745654
59.04752957003299
50.51727643922859
84.14683081429963
67.78160487078301
112.9481876273871
78.04409883391651
 131.744032664643
 92.7112310306689
155.2690821630128

0.5982784691163721

-0.02211257504753813
0.01326226654724744
0.002491554247036894
-0.001500548927194317
0.01899414967409166
-0.01139490256778823
0.0001409908188917839
-6.573413657029307e-05
0.0002424194258729703
-0.0001592528576596529
6.576654194925555e-05
0.000218735273250792
