12

5 5 6 6 7 7 8 8 11 11 12 12 

22.73124387015047
37.60810452967429
35.53294265745654
59.04752957003299
50.51727643922859
84.14683081429963
67.78160487078301
112.9481876273871
78.04409883391651
 131.744032664643
 92.7112310306689
155.2690821630128

1.674714323734223

0.06246797499118424
-0.03744951740179452
-0.00632369555027531
0.003760327796898873
-0.05542138499939603
0.03326086719110042
-0.0003096583354764021
0.0001978772597665528
-0.0001854837855410991
6.094785960732629e-05
-0.0003666987369208038
0.0001971299157828416
