12

5 5 6 6 11 11 12 12 13 13 14 14 

22.68619748673194
 61.6821616629823
35.55563756690102
96.41783210386815
48.48964174509337
131.3028715572021
57.13763847903771
154.5954636205434
68.42455562347722
185.9148428906364
82.40340392336998
222.3983524877236

0.3710765156185942

-0.009807566496133372
0.003630574816231951
-0.002356829263295127
0.0008689467769575669
0.001996883354223646
-0.0007462611784250897
0.01009725306606135
-0.003785049323600922
4.809201588941028e-05
2.591831542433383e-05
2.177999382706416e-05
-3.349387156590179e-05
