12

5 5 6 6 11 11 12 12 13 13 14 14 

22.68806340863677
66.69551251625211
35.55873485948079
104.7689565441531
44.33295395189707
130.6665671282786
53.14607513449068
156.6948722342773
63.68864904005181
187.5593378991112
73.70460567431554
218.1384491417319

0.3385005894187497

-0.01181368387767492
0.003992215080215844
0.001281544724992725
-0.0004437335226215734
7.657205242459698e-05
-4.295002378325235e-05
0.01031164292544579
-0.003433657019231664
-1.855781297067227e-05
1.860147952522508e-05
0.0001283547242869683
-2.153049264685482e-05
