14

5 5 6 6 7 7 11 11 12 12 13 13 14 14 

22.68494821694239
46.42985450016614
35.56166374653459
73.30751815970247
50.50103442888055
104.4901020635175
64.52026870048303
133.4011214897317
74.41480535171503
154.5845027396964
88.46849582341235
184.2202389260304
105.0185994450801
219.1833017940274

0.4799213063543503

-0.01763489048067992
0.008449396370049473
0.001606045197785155
-0.000791485671913527
0.01560532985189078
-0.007475832458059228
4.615717045227684e-05
-6.967997778341689e-05
4.691360463309949e-05
3.207619896308448e-05
0.0001697085377495259
0.0001421722658631892
8.585641869441157e-05
2.932574025635384e-05
