12

5 5 11 11 12 12 13 13 14 14 15 15 

22.42038759315455
104.4814849031007
27.92258596407457
130.1165485939453
33.40494944851283
155.9172061982554
 39.7748773539316
185.6900429560851
47.18911732576579
220.4473139660171
55.80596021064753
260.8888925978889

0.2133676775006256

-0.003770031426630542
0.0008123248295792913
-0.003320814818875827
0.0006879822493311323
-0.0009920606698614529
0.0002305986270224108
0.000456968730843624
-6.965880062038453e-05
0.002677895482173192
-0.000569474184747646
0.005118378503373772
-0.001026564458122229
