12

6 6 7 7 8 8 11 11 12 12 13 13 

35.52465893496458
58.96179537643878
50.55201512218313
 84.8891726108403
67.55163802485612
113.8810099565924
76.32254793809211
 130.519534937138
90.89359424453352
154.2586491202753
 107.135735731168
183.4017822929144

1.725132814366811

0.106680314574189
-0.06206532188385675
-0.1041293239623587
0.06024987138446228
-0.001447874376731389
0.0006679768649610233
-0.000715750634431632
0.0001965620869146792
-0.0008606891174414634
0.0004559728270755792
-0.0003337341172553544
0.0005220318457183435
