14

5 5 6 6 11 11 12 12 13 13 14 14 15 15 

22.68578064981622
 61.6869073736703
35.55513748121581
96.42669992207256
48.48763557966359
131.3118269924505
57.13242279580292
154.5984657584552
68.41976703778923
185.9260862390931
82.38743831645027
222.3982541318498
96.89409087357902
262.3903772948146

2.699209189060107

0.07989450094003879
-0.02959279843017635
0.009588820130777545
-0.003470185880088544
-0.03382235675854125
0.01269730899909928
-0.05415368683396317
0.02029147188534276
0.0004203555621765458
9.305048851066889e-05
-0.0004204021023053808
9.579573136041144e-05
7.752834656874928e-05
-0.001136047804788632
