12

5 5 11 11 12 12 13 13 14 14 15 15 

22.68982624337684
66.86061075746269
44.26899838249582
130.6325822059653
53.07427681870263
156.6359785478203
63.67080094240249
187.5595313185614
73.65181114664824
218.1370688301633
87.84375567703169
 260.521287430586

0.3385345203562332

-0.0110557761317695
0.00373642414133115
0.0003097150547208697
-0.0001134051050295131
0.0105046482776533
-0.003505277659221269
-1.652883099591146e-05
1.797994385151982e-05
0.0001383545315968437
-3.351066594451351e-05
5.123397032743811e-05
-5.540852615656408e-05
