12

6 6 11 11 12 12 13 13 14 14 15 15 

35.55516716987572
96.42907769529383
48.48691576289245
131.3129689012545
57.13142424175367
 154.599191836293
68.41884489411238
 185.927874772316
82.38522039145353
222.3968806055773
96.89144269247244
262.3893825272833

2.699267678673679

0.1307834016491918
-0.04844746033613026
-0.02502805531679014
0.009328312769202349
-0.103433056093467
0.0386621593623257
0.001310436560799546
0.0003946216418685374
-0.0009353353543241415
6.234158881879859e-05
-0.0002467445295581275
-0.001664700004629954
