12

5 5 6 6 11 11 12 12 13 13 14 14 

22.68806340863677
66.69551251625211
35.55873485948079
104.7689565441531
44.33295395189707
130.6665671282786
53.14607513449068
156.6948722342773
63.68864904005181
187.5593378991112
73.70460567431554
218.1384491417319

2.957778316704133

0.1132668103843399
-0.03831036119449596
-0.0223924284339131
0.00765080882807846
-0.01408979405733334
0.004642373524901664
-0.07561331036937055
0.02535306265192668
0.0006138102937285742
-0.0001439833570618332
-0.002041454740978098
0.0001659621850032666
