12

5 5 6 6 7 7 11 11 12 12 13 13 

22.51384456763767
48.63140252907186
35.74968768317246
79.75897019029306
49.89200148636175
113.0246107542584
56.88925406781841
129.4819016474716
67.87414904228947
157.7896273207001
80.12553854166067
187.3805640159902

0.4255089950828851

-0.01323743415295979
0.005647607455984222
-0.002440276503759465
0.00102588126530443
0.01254171758339071
-0.005302991033901479
0.003078081498028468
-0.001262127391943678
8.60494250140429e-05
2.034599277118893e-05
-0.0001109988318453317
-6.716887219078036e-05
