12

5 5 6 6 11 11 12 12 13 13 14 14 

 22.7265090483865
71.08523714556556
34.95201822986837
110.2458941086597
41.31560165233564
130.6168759144627
49.02854231105203
155.2952679291216
57.84028059009612
183.4575064819597
68.68957412556711
220.0395066620083

3.202763118526203

0.09186406207247641
-0.02854927583954748
0.03182081381217598
-0.01004307666975602
-0.02193776136858787
0.006959567071688886
-0.04200786729939143
0.01333508320838924
-0.06031742763042172
0.01998365325235991
-7.880926595747429e-05
-0.0003953931826923401
