12

5 5 6 6 7 7 11 11 12 12 13 13 

22.68447785722513
40.47444154242686
35.55523968178625
63.54816769767636
50.51262821468116
90.36262001703258
72.45352382769761
129.7943447757182
87.25575322954522
156.0054658061804
103.3592477887746
185.4380612690543

0.559264963739305

-0.01996177236231361
0.01113227038298618
0.001217644685737376
-0.000672677284177879
0.01823406880402339
-0.01014704682433283
0.0001650128216841953
-0.0001231398274394287
0.0004805664783966635
-9.141165680526833e-06
2.987217352121857e-05
-0.0001237633702154911
