12

5 5 6 6 7 7 11 11 13 13 14 14 

22.68465088415543
46.44487360761104
35.56203405221075
73.33053600894799
 50.5004901712028
104.5189419661952
 64.5029397303765
133.4010055544504
88.44445041337713
184.2306132969283
 104.993608554008
 219.199694105614

2.087584865123217

0.07862925973493348
-0.03764999059290781
-0.008432323934418283
0.004078044602913322
-0.06949761155967935
0.03329208935095031
-0.0001782963880678713
0.0001768399218844197
-0.000176752649044038
5.6936154995346e-05
-0.0001518430453657407
0.0002894770984916502
