12

6 6 7 7 8 8 11 11 12 12 13 13 

35.52465893496458
58.96179537643878
50.55201512218313
 84.8891726108403
67.55163802485612
113.8810099565924
76.32254793809211
 130.519534937138
90.89359424453352
154.2586491202753
 107.135735731168
183.4017822929144

0.5802999941837643

-0.03613738633419265
0.02103370067598869
0.03535792573993129
-0.02045656070694307
0.0004528593693599736
-0.00020258383388698
0.0001934368720077345
-5.254551567372766e-05
0.0002356504633045943
-0.000138768090940049
-0.0002032340846578755
-0.0001635941205408157
