12

5 5 6 6 11 11 12 12 13 13 14 14 

22.68449796362169
54.88170563508317
35.55469154842758
86.17479080003001
 54.1540734170709
131.2504440298277
65.20077695166522
 158.161190257804
 75.9666365011694
184.8485542485211
90.18657380209468
219.6268941799604

0.4122166097355285

-0.01254374442318027
0.005153896450386122
-0.0005360085838252746
0.0002113714200770088
0.01286225611219666
-0.005131301333927976
-3.909414461953471e-05
6.268942864291289e-05
0.0001951424837806618
-0.000114438896756046
0.0001334568577123371
-3.794857914514462e-05
