12

5 5 11 11 12 12 13 13 14 14 15 15 

22.69240099724505
90.68049904240684
32.97467397541053
131.5161617824001
 39.1899560274737
156.1737291518025
46.53489450822466
185.4078302694879
55.17544651551416
219.8580860898403
65.87155397980139
262.7965379821514

0.2512439625692342

-0.004912932484951033
0.00122897040873455
-0.004465794420801722
0.001126351663518842
-0.001097458680699995
0.0003135435514387945
0.002899549166130797
-0.0006929453998856854
0.007674304965810911
-0.001831539138988694
-2.336285628946953e-05
3.826670638110734e-05
