12

5 5 6 6 7 7 11 11 12 12 13 13 

22.68447785722513
40.47444154242686
35.55523968178625
63.54816769767636
50.51262821468116
90.36262001703258
72.45352382769761
129.7943447757182
87.25575322954522
156.0054658061804
103.3592477887746
185.4380612690543

1.792512509272028

0.06604308500712847
-0.0368166469328356
-0.005216257916147073
0.002889906335738715
-0.06025497068965151
0.03353350405400361
-0.0002345248689696678
6.982989178579577e-05
-0.0001616077645908644
0.0001210585211286124
-0.0003217149578389365
0.0002382766824233305
