12

5 5 11 11 12 12 13 13 14 14 15 15 

22.68982624337684
66.86061075746269
44.26899838249582
130.6325822059653
53.07427681870263
156.6359785478203
63.67080094240249
187.5595313185614
73.65181114664824
218.1370688301633
87.84375567703169
 260.521287430586

2.957463570160683

0.1012366650478433
-0.03424525899923661
-0.01819228715595929
0.005864816047686084
-0.08117808898892855
0.02728727782683966
0.0005216639433371923
-0.0001773704735277468
-0.001839454099130586
0.000320820894136171
4.53626249011926e-05
0.000996340527139502
