12

5 5 11 11 12 12 13 13 14 14 15 15 

22.68609841850073
61.68888888756845
48.48701445949855
131.3126623862837
57.13143912164269
154.5987431419607
68.41946817322024
 185.926853647621
82.38667240027313
222.3982664653834
96.89274742444425
 262.390708915579

2.699255552476167

0.08498348693633344
-0.03148812630563354
-0.0307007806544624
0.01156778516546613
-0.05303077666961682
0.019864351234499
0.0004199948868013139
9.392537467339725e-05
-0.0004070446589589348
0.0001251403085187983
6.844984846204796e-05
-0.001089804412508787
