14

5 5 6 6 7 7 11 11 12 12 13 13 14 14 

22.68494821694239
46.42985450016614
35.56166374653459
73.30751815970247
50.50103442888055
104.4901020635175
64.52026870048303
133.4011214897317
74.41480535171503
154.5845027396964
88.46849582341235
184.2202389260304
105.0185994450801
219.1833017940274

2.087070154739127

0.07817788034860543
-0.03744716201427311
-0.008293521727002741
0.004014690881249347
-0.06878426772304629
0.03295890514173814
-0.0002548511064014922
0.0002773256333434182
-0.0002323869176734452
1.426027320032585e-06
-0.0002222758572233575
3.74653850148325e-05
-0.0002015407848650519
0.0002932273219881991
