14

5 5 6 6 11 11 12 12 13 13 14 14 15 15 

22.68578064981622
 61.6869073736703
35.55513748121581
96.42669992207256
48.48763557966359
131.3118269924505
57.13242279580292
154.5984657584552
68.41976703778923
185.9260862390931
82.38743831645027
222.3982541318498
96.89409087357902
262.3903772948146

0.3710324409147625

-0.009800172603121708
0.003627264040900864
-0.002327824323544606
0.0008589275080695868
0.00200118840055393
-0.0007504516447348676
0.01003461792267708
-0.003764198269062232
3.45820680895949e-05
2.649030332243938e-05
2.460926774427972e-05
-3.44677981391295e-05
2.787352937968872e-05
-2.70891487884003e-05
