12

5 5 6 6 7 7 11 11 13 13 14 14 

22.51287042697246
48.62719192283292
35.74927079251751
 79.7573769392981
49.89204655312334
113.0255096288958
56.88830983581534
129.4809749490774
80.12556012364435
187.3804285017049
95.73535291671831
221.4226749171305

0.4254917245752006

-0.01337468399062977
0.00570216432762377
-0.002470207792696776
0.001035888936822444
0.01288800171021574
-0.005452645217005565
0.002970666703743221
-0.001262913860040652
-0.0001211059831156383
-6.52473350859464e-05
-0.0001117777108880436
9.388280247295429e-05
