12

5 5 11 11 12 12 13 13 14 14 15 15 

22.42038759315455
104.4814849031007
27.92258596407457
130.1165485939453
33.40494944851283
155.9172061982554
 39.7748773539316
185.6900429560851
47.18911732576579
220.4473139660171
55.80596021064753
260.8888925978889

4.701520538177705

0.06476793840920413
-0.0138716606916744
0.1094559237698806
-0.02351409530247397
-0.01623241903670565
0.002967596075025057
0.01605558304530732
-0.005598734822556854
-0.05913165991806289
0.01058861833417251
-0.1224108921492044
0.02211401665005856
