12

5 5 6 6 12 12 13 13 14 14 15 15 

22.79499870465007
70.98107009792925
34.82163060049801
113.2530696229165
47.54444918524919
157.9841864923512
55.84362904890803
187.1506067437909
67.30549099466248
222.3065515048262
 74.6333756171794
 259.184611634438

0.2845159035125714

-0.01368516084250886
0.003902727578498822
0.007732372035889445
-0.00213526817491657
0.001445802498081256
-0.0003542383979912782
0.004684327677950413
-0.001324523347718701
-4.515334266587267e-06
5.266713687925681e-05
-0.0009727493264551137
-0.0001036667520155649
