12

5 5 6 6 8 8 11 11 12 12 13 13 

22.79435701510178
36.99693296323827
35.52692949124902
 58.9656795197999
67.55196842436654
113.8827149997941
76.31721380746724
130.5154114586403
90.89274612967633
154.2598151233805
107.1350021931775
183.4023697894326

1.725175640011751

0.1187877027827024
-0.06889644524774829
-0.1141102176298185
0.06645442134282491
-0.001813956465140807
0.00101331114201716
-0.001048110607748065
0.0006086876303104105
-0.0011414460143519
0.000107111002897287
-0.001013310695337567
0.0005383923373375578
