12

5 5 11 11 12 12 13 13 14 14 15 15 

22.68629443734635
73.36825735599871
40.79909227270703
 131.544040080582
48.52088597317117
156.3375445990125
57.16334842055063
184.0586130960669
68.32711273387167
 220.881202758756
82.14410848790558
263.4411950141601

3.213025664981461

0.1064525901052532
-0.03312789618841332
-0.009087766678812297
0.002997118681798912
-0.03738222023035142
0.01173149210422089
-0.05967849341757318
0.01918695984631607
0.001664662979885032
4.501827201647886e-05
-0.0001695134171495056
0.000143129610578106
