12

5 5 11 11 12 12 13 13 14 14 15 15 

22.68737801236694
79.49097543824988
37.35377074653849
130.9719459007677
44.36138668514606
155.5637194196445
53.06003748055573
186.0915327789247
63.51341423000949
222.3116472294451
73.63961953739853
259.2824127526099

0.2849220597363324

-0.009099627321528336
0.002587715973547345
-0.001728599174864888
0.0005002452700882882
0.002334250045062122
-0.0006753746347251897
0.008381727455874769
-0.002340944866392635
-2.211895280486357e-05
1.735839027772952e-05
0.0001002944811104726
-2.069974876813522e-05
