12

5 5 6 6 11 11 12 12 13 13 14 14 

 22.7265090483865
71.08523714556556
34.95201822986837
110.2458941086597
41.31560165233564
130.6168759144627
49.02854231105203
155.2952679291216
57.84028059009612
183.4575064819597
68.68957412556711
220.0395066620083

0.3126742366560448

-0.006221957355425042
0.001948452424208179
-0.005689573056292098
0.001791478741332743
0.0004008281686759526
-0.0001452941197357508
0.00322960167862205
-0.001051883805643705
0.008183667794416189
-0.002511952078913102
1.768835209774835e-05
-1.183103315621685e-05
