12

5 5 6 6 8 8 11 11 12 12 13 13 

22.79435701510178
36.99693296323827
35.52692949124902
 58.9656795197999
67.55196842436654
113.8827149997941
76.31721380746724
130.5154114586403
90.89274612967633
154.2598151233805
107.1350021931775
183.4023697894326

0.5802862357893915

-0.04018834039496212
0.02331887275140325
0.0386723818034636
-0.02251135248429722
0.0005914751489714513
-0.0003252755655331311
0.0003133080901455778
-0.0001953789774885625
0.0003396796072671204
-2.280765263544972e-05
3.50215353800114e-05
-0.0001721659498626296
