12

5 5 6 6 7 7 8 8 11 11 12 12 

22.68759108748554
34.00995109987622
35.56137374353611
53.44008235498012
50.51839574135536
 76.0154396380219
68.40327690645303
103.0764564468189
87.22825559558693
131.1457406172505
103.3650265146192
155.9935818729369

1.509075006980485

0.05464128820243615
-0.03618534416484318
-0.003375359286772783
0.002189510460514285
-0.05036014866333739
0.03329939957575791
-0.0004421454165870246
0.0003023080244089183
-0.0002126794705732571
0.000146106190588106
-0.0003444686039664282
0.0003401783076546736
