12

5 5 6 6 11 11 12 12 13 13 14 14 

22.69162192687681
51.22597541714778
35.54447518536001
79.51623942289126
58.09812276608278
129.1550861652394
69.37981691503541
154.6874388181118
85.19609698104135
187.6227206130488
100.3529107335367
222.2346080945913

0.4549198318609978

-0.0124644745131641
0.005654198904304777
-0.0005123883444067722
0.0002300244413379114
0.01285841012089095
-0.005812367775176032
0.0001193085072987042
-3.037306310957945e-05
0.0008711825453334528
-3.702035987258236e-05
-1.469130649551999e-05
-8.607296556151795e-05
