12

5 5 6 6 7 7 8 8 9 9 10 10 

22.67942097139761
9.933361221717169
35.55867474455788
15.65218624914188
50.51443725124852
22.29207723422861
68.31820887285906
30.20623275000018
88.52900743249926
39.17236958296681
107.7387220495595
47.68125363893982

0.4439648803449888

0.009457736473489752
-0.02136894527498797
0.0004144388965784525
-0.001254398850178349
-0.006344085031245883
0.01418241622682143
-0.0006904670784860586
0.001588019592938262
-0.001296578997704888
0.002928960506414095
-0.001853025135401386
0.004120471651075071
