12

5 5 11 11 12 12 13 13 14 14 15 15 

22.68609841850073
61.68888888756845
48.48701445949855
131.3126623862837
57.13143912164269
154.5987431419607
68.41946817322024
 185.926853647621
82.38667240027313
222.3982664653834
96.89274742444425
 262.390708915579

0.3710262451025748

-0.01106543917573959
0.004097168281218748
0.00125004497585207
-0.0004754952637314305
0.009740802157655451
-0.003649061025111451
4.579328371351012e-05
3.100864783884655e-05
2.234391002205898e-05
-3.848472392123112e-05
2.951457749265191e-05
-3.469667376920782e-05
