12

5 5 6 6 7 7 8 8 12 12 13 13 

22.79483475506039
36.99716632153517
 35.5245407102264
58.96071863908646
50.55272909864001
 84.8897288504081
67.55128932755639
113.8798114958114
90.89374073367007
154.2585897044851
107.1358598039059
183.4018948253766

1.725150617342602

0.06334075013292631
-0.03673878669250798
-0.003282847861459065
0.001938474989964587
-0.05959298687777078
0.03453655489485624
-0.0005551260451567193
0.000185924645252966
-0.0002805416824135684
9.291441724515183e-05
0.0001116431534346844
5.016912573181535e-05
