12

5 5 6 6 7 7 8 8 11 11 13 13 

22.79581583581639
37.00670255582298
35.52686788049262
58.97770054612007
50.55264779640585
84.90835787993943
67.54578033403612
113.8871065686636
76.30331379530783
130.5081042958338
107.1264539850653
183.4047574129966

0.5801611616418305

-0.02116338752152458
0.01228129876634804
0.0005788364257834496
-0.0003372539609051682
0.02052684575786996
-0.0118960511227217
0.0001473488923852288
-3.164213727552224e-05
-4.777209885595669e-05
2.596894023422752e-05
-0.0003290379065919844
-6.929929559131577e-06
