12

5 5 6 6 7 7 8 8 9 9 11 11 

22.68834242227976
28.17780603293926
35.54787609862012
44.27750706246949
50.51256910924251
63.01323935875122
68.48328348301568
85.56163682259513
88.30739969302572
110.2296445178524
104.2786978971926
130.5534907106989

0.8011770436365104

-0.02785059815089452
0.02222076161611915
0.0006907678729021115
-0.0005473344049714759
0.02635656173772548
-0.02096293422733875
0.000225244643303844
-9.798264841995999e-05
0.0003432860911543869
-0.0003188008163838169
0.0004273257024362381
-2.905755193594469e-05
