12

5 5 6 6 11 11 12 12 13 13 14 14 

22.68514225623485
46.42916013498591
35.56177216508112
73.30738572669992
64.52020229753383
133.4013360913552
74.41330374160715
154.5857565319556
88.46790537143271
184.2227477427423
105.0175943076318
219.1850039941097

0.4799077137244734

-0.03113156664695936
0.01495285284407669
0.02957239682702019
-0.01421306884406272
0.0003061689389088425
-0.0002498722573950313
0.0003055278747185481
4.457116297145886e-06
0.000415892707623533
-5.628271420754611e-05
0.0003527943660007291
-0.0001269939211074423
