12

5 5 6 6 11 11 12 12 13 13 14 14 

22.68619748673194
 61.6821616629823
35.55563756690102
96.41783210386815
48.48964174509337
131.3028715572021
57.13763847903771
154.5954636205434
68.42455562347722
185.9148428906364
82.40340392336998
222.3983524877236

2.69887434424621

0.08286305756103785
-0.0306868290706755
0.007011600045069188
-0.002573862168261429
-0.03727656774208208
0.01407504090376633
-0.05193168743787381
0.01965190262889541
0.0009772798671338549
5.15143569697977e-05
-0.0003228662670415385
-4.694351150154809e-05
