12

5 5 6 6 7 7 11 11 12 12 13 13 

22.68420244179321
46.06621713400259
35.56280093650988
72.39053713654285
50.50325554484302
102.9295359288018
65.44098881889261
133.3424628626632
75.97550581940428
 155.536616004124
 90.2509181472643
184.6762882876851

2.043825430561005

0.07696807127452703
-0.03765462295484141
-0.0089396989322835
0.00442186859927877
-0.06682056887769833
0.03269668488923401
-0.0002878085562206566
0.0001611649168757543
-0.0004432607094066567
0.0001478405572762317
-0.0004525465226922171
0.0001674234891157014
