12

5 5 6 6 7 7 8 8 9 9 11 11 

22.68834242227976
28.17780603293926
35.54787609862012
44.27750706246949
50.51256910924251
63.01323935875122
68.48328348301568
85.56163682259513
88.30739969302572
110.2296445178524
104.2786978971926
130.5534907106989

1.251797106089891

0.04428413189159758
-0.03527575497498815
-0.001035260875038101
0.0008125137810603819
-0.04229825599034474
0.03372367234986302
-0.0002634099129298128
0.0002084266735527269
-0.0003616431604184762
0.0002843690372829779
-0.000288801311280468
0.0002931309029099194
