12

5 5 11 11 12 12 13 13 14 14 15 15 

22.68629443734635
73.36825735599871
40.79909227270703
 131.544040080582
48.52088597317117
156.3375445990125
57.16334842055063
184.0586130960669
68.32711273387167
 220.881202758756
82.14410848790558
263.4411950141601

0.3116243091456145

-0.009146386419350812
0.002845603074973843
-0.0009631901815577069
0.0003136767813936425
0.002288674590926299
-0.0007155003206479956
0.007798471763222114
-0.002454954648956656
-4.689157283656377e-06
5.771455069426175e-06
1.607375561754302e-05
-1.804169940079266e-05
