12

5 5 6 6 11 11 12 12 13 13 14 14 

22.68514225623485
46.42916013498591
35.56177216508112
73.30738572669992
64.52020229753383
133.4013360913552
74.41330374160715
154.5857565319556
88.46790537143271
184.2227477427423
105.0175943076318
219.1850039941097

2.087129758285028

0.1377227848998482
-0.06614017988456514
-0.1316431703279716
0.06321148523359578
-0.001398935825376815
0.001071070865175633
-0.001370291551021093
0.0001244350546116422
-0.001305622643553748
0.0009118241513325409
-0.001377257691394953
0.0009785361790682096
