12

6 6 11 11 12 12 13 13 14 14 15 15 

35.55516716987572
96.42907769529383
48.48691576289245
131.3129689012545
57.13142424175367
 154.599191836293
68.41884489411238
 185.927874772316
82.38522039145353
222.3968806055773
96.89144269247244
262.3893825272833

0.3710251864867943

-0.01718117333909372
0.006371414598323951
0.0009198270463134647
-0.0003356613315847083
0.01607752047177451
-0.00601735964629261
-7.775660033554314e-05
-1.210746929525887e-05
8.779728871008766e-05
-3.042768925338178e-05
6.777705084639598e-05
3.695161618408565e-05
