12

5 5 11 11 12 12 13 13 14 14 15 15 

22.69240099724505
90.68049904240684
32.97467397541053
131.5161617824001
 39.1899560274737
156.1737291518025
46.53489450822466
185.4078302694879
55.17544651551416
219.8580860898403
65.87155397980139
262.7965379821514

3.99195203490274

0.09244124638885805
-0.02311007356860726
0.03303037417399218
-0.007939916645015173
0.03136457076567602
-0.008321508715513161
-0.02978251173449356
0.005829133882316306
-0.1294441610111666
0.0291634102372637
-2.47247919787346e-05
-0.003840433191603702
