12

5 5 6 6 11 11 12 12 13 13 14 14 

22.69162192687681
51.22597541714778
35.54447518536001
79.51623942289126
58.09812276608278
129.1550861652394
69.37981691503541
154.6874388181118
85.19609698104135
187.6227206130488
100.3529107335367
222.2346080945913

2.200883132507559

0.05919380605383948
-0.02687962800599037
0.003318414383919408
-0.001470276498101158
-0.06125970713451014
0.02786869257288679
-0.0002735998559497735
0.0001859092569044243
0.001559501316628233
7.791288446256965e-05
-0.0004289418500383283
-1.307535381837855e-05
