12

5 5 6 6 7 7 11 11 13 13 14 14 

22.51287042697246
48.62719192283292
35.74927079251751
 79.7573769392981
49.89204655312334
113.0255096288958
56.88830983581534
129.4809749490774
80.12556012364435
187.3804285017049
95.73535291671831
221.4226749171305

2.351881174724299

0.07467781988550198
-0.0318883784336474
0.01269618175069866
-0.005324325491071953
-0.07200097972501111
0.03045189091783822
-0.01590506094340853
0.006681427311474044
-0.0008095881433981232
7.948486652367488e-05
0.0001110316475099291
-0.000251144858599308
