12

5 5 6 6 7 7 8 8 12 12 13 13 

22.79483475506039
36.99716632153517
 35.5245407102264
58.96071863908646
50.55272909864001
 84.8897288504081
67.55128932755639
113.8798114958114
90.89374073367007
154.2585897044851
107.1358598039059
183.4018948253766

0.5802932543261499

-0.02105248682152056
0.01222172406970521
0.0005265443067783434
-0.0003062711008671348
0.02040704247225011
-0.01182797743294019
0.0001409601333307089
-3.168105606217073e-05
4.828752008260804e-05
-1.164794049896293e-05
-0.0003452427526460379
-3.93067534520775e-06
